39.94138889 -0.21944444
40.51916667 -3.88277778
40.24777778 -3.48055556
40.38722222 -4.24194444
40.34055556 -5.01333333
40.51805556 -4.085
40.35777778 -4.39277778
39.92472222 -4.80111111
40.40361111 0.05972222
42.30361111 2.35861111
40.85694444 -3.72555556
40.46722222 -4.45555556
41.22333333 -4.50611111
42.63277778 -6.64861111
38.11388889 -6.34333333
37.67583333 -3.46861111
28.37777778 -16.64944444
42.06888889 -7.475
42.47305556 -7.50166667
40.74055556 -4.00416667
42.43416667 -6.97194444
39.81916667 -6.1275
41.01194444 -6.47777778
39.15972222 -5.06666667
38.82472222 -6.02777778
40.30583333 -4.70972222
42.33166667 -3.21333333
28.77944444 -17.99555556
41.62833333 -4.38444444
41.605 -4.76611111
42.81333333 -7.61944444
42.26583333 -7.945
42.86527778 -7.1875
43.17305556 -8.33138889
39.46111111 -5.32833333
40.1225 -5.65416667
42.96805556 -8.86916667
39.98972222 -6.13388889
42.21555556 -8.42638889
42.38388889 -7.30138889
39.45444444 -7.22166667
41.97388889 -7.39916667
41.77944444 2.76888889
40.17055556 -6.7075
41.95194444 -7.95722222
40.30305556 -6.32222222
43.90416667 -4.25222222
39.90416667 -4.00527778
41.13194444 -1.41916667
38.16944444 -4.57083333
40.475 -2.38361111
36.96027778 -2.53916667
28.0225 -15.65583333
42.4325 0.00805556
42.73194444 -5.72638889
42.39805556 -0.90111111
42.43277778 -5.72638889
41.27194444 -5.72638889
37.00638889 -5.70027778
43.25777778 -4.25222222
40.16083333 -1.68083333
42.0425 -5.56861111
37.83944444 -6.70361111
43.88166667 -3.18583333
40.16055556 -6.82055556
37.89055556 -2.50944444
36.04833333 -3.40222222
43.74833333 -5.97833333
37.92333333 -2.50944444
36.88166667 -3.40222222
37.92333333 -2.50944444
42.12694444 -5.18638889
42.50194444 -4.47444444
41.35138889 -5.72638889
40.76138889 -6.39416667
37.17027778 -6.70361111
36.28583333 -5.43472222
40.32166667 -1.05666667